 3.61531E+02	 5.46381E-01
 3.64375E+02	 6.05280E-01
 3.67218E+02	 6.70335E-01
 3.70060E+02	 6.71144E-01
 3.72902E+02	 7.59063E-01
 3.75742E+02	 7.56398E-01
 3.78581E+02	 7.34046E-01
 3.81419E+02	 7.20539E-01
 3.84257E+02	 8.28223E-01
 3.87093E+02	 7.88333E-01
 3.89928E+02	 7.37957E-01
 3.92763E+02	 7.39939E-01
 3.95596E+02	 7.66829E-01
 3.98428E+02	 8.20157E-01
 4.01260E+02	 7.82592E-01
 4.04090E+02	 8.09838E-01
 4.06919E+02	 7.60533E-01
 4.09748E+02	 7.69039E-01
 4.12575E+02	 8.58069E-01
 4.15401E+02	 9.48980E-01
 4.18227E+02	 8.50306E-01
 4.21051E+02	 9.51540E-01
 4.23875E+02	 8.60038E-01
 4.26697E+02	 9.38012E-01
 4.29519E+02	 9.14730E-01
 4.32339E+02	 9.70073E-01
 4.35159E+02	 9.53859E-01
 4.37977E+02	 8.95845E-01
 4.40795E+02	 1.06107E+00
 4.43611E+02	 1.04191E+00
 4.46427E+02	 1.02442E+00
 4.49242E+02	 1.10120E+00
 4.52055E+02	 1.00466E+00
 4.54868E+02	 9.92863E-01
 4.57679E+02	 1.03748E+00
 4.60490E+02	 1.04911E+00
 4.63300E+02	 1.04603E+00
 4.66109E+02	 9.47667E-01
 4.68916E+02	 1.00351E+00
 4.71723E+02	 9.69407E-01
 4.74529E+02	 9.56253E-01
 4.77334E+02	 9.73943E-01
 4.80138E+02	 9.40778E-01
 4.82941E+02	 1.02483E+00
 4.85743E+02	 1.03543E+00
 4.88544E+02	 1.01292E+00
 4.91344E+02	 1.00265E+00
 4.94143E+02	 8.56182E-01
 4.96941E+02	 8.33610E-01
 4.99738E+02	 7.49325E-01
 5.02534E+02	 6.01453E-01
 5.05329E+02	 5.66003E-01
 5.08123E+02	 5.13174E-01
 5.10916E+02	 4.31282E-01
 5.13709E+02	 3.47803E-01
 5.16500E+02	 3.41239E-01
 5.19290E+02	 3.53571E-01
 5.22079E+02	 2.70809E-01
 5.24868E+02	 2.75247E-01
 5.27655E+02	 2.08689E-01
 5.30442E+02	 2.82304E-01
 5.33227E+02	 2.46329E-01
 5.36012E+02	 2.29277E-01
 5.38795E+02	 1.62520E-01
 5.41578E+02	 2.02691E-01
 5.44360E+02	 2.06177E-01
 5.47140E+02	 2.29725E-01
 5.49920E+02	 1.86401E-01
 5.52699E+02	 2.27516E-01
 5.55476E+02	 1.58436E-01
 5.58253E+02	 2.69064E-01
 5.61029E+02	 2.43960E-01
 5.63804E+02	 1.92681E-01
 5.66578E+02	 2.04445E-01
 5.69351E+02	 1.57229E-01
 5.72123E+02	 1.89179E-01
 5.74894E+02	 2.13093E-01
 5.77665E+02	 2.48311E-01
 5.80434E+02	 2.08022E-01
 5.83202E+02	 1.97341E-01
 5.85969E+02	 2.46867E-01
 5.88736E+02	 2.06928E-01
 5.91501E+02	 1.53315E-01
 5.94265E+02	 1.70450E-01
 5.97029E+02	 1.48588E-01
 5.99792E+02	 1.71705E-01
 6.02553E+02	 2.17874E-01
 6.05314E+02	 1.62182E-01
 6.08073E+02	 2.37173E-01
 6.10832E+02	 1.96202E-01
 6.13590E+02	 1.88942E-01
 6.16347E+02	 1.51141E-01
 6.19103E+02	 1.34922E-01
 6.21858E+02	 2.16818E-01
 6.24612E+02	 1.21751E-01
 6.27365E+02	 1.54243E-01
 6.30117E+02	 6.41468E-02
 6.32868E+02	 7.35438E-02
 6.35619E+02	 1.04263E-01
 6.38368E+02	 9.01348E-02
 6.41116E+02	 1.65067E-01
 6.43864E+02	 1.15533E-01
 6.46610E+02	 1.14536E-01
 6.49356E+02	 1.42895E-01
 6.52100E+02	 1.26185E-01
 6.54844E+02	 1.48052E-01
 6.57587E+02	 1.52694E-01
 6.60329E+02	 1.30688E-01
 6.63069E+02	 7.71861E-02
 6.65809E+02	 1.26027E-01
 6.68548E+02	 1.12667E-01
 6.71286E+02	 1.52312E-01
 6.74023E+02	 1.18437E-01
 6.76760E+02	 5.96377E-02
 6.79495E+02	 6.30667E-02
 6.82229E+02	 1.07046E-01
 6.84963E+02	 8.74232E-02
 6.87695E+02	 5.43794E-02
 6.90427E+02	 5.56595E-02
 6.93157E+02	 1.70426E-01
 6.95887E+02	 1.13371E-01
 6.98616E+02	 9.98559E-02
 7.01343E+02	 5.54668E-02
 7.04070E+02	 7.95483E-02
 7.06796E+02	 3.67183E-03
 7.09521E+02	 1.00662E-01
 7.12245E+02	 5.85419E-02
 7.14968E+02	 6.15603E-02
 7.17691E+02	 9.47694E-02
 7.20412E+02	 7.20354E-02
 7.23132E+02	 1.33980E-01
 7.25852E+02	 1.10389E-01
 7.28570E+02	 5.21263E-02
 7.31288E+02	 1.08238E-01
 7.34005E+02	 7.49781E-02
 7.36720E+02	 1.59194E-01
 7.39435E+02	 1.57588E-01
 7.42149E+02	 1.60123E-01
 7.44862E+02	 2.10374E-01
 7.47574E+02	 1.53487E-01
 7.50285E+02	 1.54868E-01
 7.52996E+02	 1.27944E-01
 7.55705E+02	 1.22118E-01
 7.58413E+02	 1.11796E-01
 7.61121E+02	 6.37441E-02
 7.63827E+02	 6.39253E-02
 7.66533E+02	 1.30251E-01
 7.69238E+02	 1.34667E-01
 7.71942E+02	 1.95471E-01
 7.74645E+02	 1.42895E-01
 7.77346E+02	 2.18607E-01
 7.80048E+02	 2.28951E-01
 7.82748E+02	 2.21849E-01
 7.85447E+02	 2.52197E-01
 7.88145E+02	 2.85714E-01
 7.90843E+02	 2.01686E-01
 7.93539E+02	 2.24860E-01
 7.96235E+02	 2.34366E-01
 7.98929E+02	 1.66871E-01
 8.01623E+02	 1.96543E-01
 8.04316E+02	 2.30758E-01
 8.07008E+02	 1.84228E-01
 8.09699E+02	 1.71342E-01
 8.12389E+02	 2.00657E-01
 8.15078E+02	 1.29396E-01
 8.17767E+02	 2.01682E-01
 8.20454E+02	 1.25751E-01
 8.23141E+02	 2.05566E-01
 8.25826E+02	 1.13859E-01
 8.28511E+02	 1.48000E-01
 8.31195E+02	 1.15543E-01
 8.33878E+02	 1.97548E-01
 8.36560E+02	 1.64734E-01
 8.39241E+02	 1.50098E-01
 8.41921E+02	 2.09069E-01
 8.44600E+02	 2.33613E-01
 8.47279E+02	 1.73150E-01
 8.49956E+02	 1.02177E-01
 8.52633E+02	 1.03915E-01
 8.55308E+02	 8.32210E-02
 8.57983E+02	 5.76644E-02
 8.60657E+02	 4.57443E-02
 8.63330E+02	 1.20244E-02
 8.66002E+02	 5.21963E-02
 8.68673E+02	 4.94938E-02
 8.71344E+02	 1.53703E-02
 8.74013E+02	-1.44610E-02
 8.76681E+02	-2.14465E-02
 8.79349E+02	 2.34815E-02
 8.82016E+02	-4.25665E-03
 8.84682E+02	 4.59662E-02
 8.87346E+02	 5.15039E-02
 8.90010E+02	 7.79533E-03
 8.92674E+02	 1.03843E-01
 8.95336E+02	 1.60922E-02
 8.97997E+02	 1.90439E-03
 9.00658E+02	 1.18560E-02
 9.03317E+02	-9.03015E-02
 9.05976E+02	-7.47826E-02
 9.08634E+02	-5.28653E-02
 9.11291E+02	-1.07449E-01
 9.13947E+02	-3.40446E-02
 9.16602E+02	-1.15579E-01
 9.19256E+02	-8.94566E-02
 9.21909E+02	-5.56426E-02
 9.24562E+02	-9.04697E-02
 9.27213E+02	-6.95905E-02
 9.29864E+02	-9.72733E-02
 9.32514E+02	-1.57991E-02
 9.35163E+02	-3.59742E-02
 9.37811E+02	-5.48857E-02
 9.40458E+02	-9.06911E-02
 9.43104E+02	-1.08602E-01
 9.45749E+02	-5.24779E-02
 9.48394E+02	-9.20156E-02
 9.51037E+02	-7.61831E-02
 9.53680E+02	-4.76807E-02
 9.56322E+02	-6.75399E-02
 9.58963E+02	-2.69450E-02
 9.61603E+02	-2.44539E-02
 9.64242E+02	 1.26203E-02
 9.66881E+02	 4.22675E-02
 9.69518E+02	-1.63024E-02
 9.72155E+02	 1.16657E-01
 9.74790E+02	 1.57013E-01
 9.77425E+02	 3.71543E-01
 9.80059E+02	 4.55323E-01
 9.82692E+02	 5.34103E-01
 9.85324E+02	 4.20989E-01
 9.87956E+02	 2.33582E-01
 9.90586E+02	 1.52561E-01
 9.93216E+02	 6.86375E-02
 9.95844E+02	-1.52339E-02
 9.98472E+02	 4.08595E-02
 1.00110E+03	 5.20583E-02
 1.00373E+03	 3.77039E-02
 1.00635E+03	-4.92488E-02
 1.00897E+03	 1.90994E-02
 1.01160E+03	 9.65896E-03
 1.01422E+03	 2.17116E-02
 1.01684E+03	 3.23609E-02
 1.01946E+03	-9.60154E-03
 1.02208E+03	 4.41089E-02
 1.02470E+03	 5.54019E-02
 1.02732E+03	 5.59534E-02
 1.02994E+03	 1.21772E-01
 1.03255E+03	 5.43853E-02
 1.03517E+03	 1.42505E-01
 1.03778E+03	 1.16479E-01
 1.04040E+03	 1.73222E-01
 1.04301E+03	 1.38439E-01
 1.04562E+03	 1.83983E-01
 1.04824E+03	 1.71812E-01
 1.05085E+03	 2.09745E-01
 1.05346E+03	 1.99970E-01
 1.05606E+03	 1.67863E-01
 1.05867E+03	 1.80683E-01
 1.06128E+03	 2.06146E-01
 1.06388E+03	 1.84705E-01
 1.06649E+03	 1.91479E-01
 1.06909E+03	 2.50756E-01
 1.07170E+03	 1.96016E-01
 1.07430E+03	 2.23802E-01
 1.07690E+03	 2.17975E-01
 1.07950E+03	 2.90533E-01
 1.08210E+03	 2.67745E-01
 1.08470E+03	 2.72849E-01
 1.08730E+03	 2.37271E-01
 1.08990E+03	 2.75913E-01
 1.09250E+03	 2.39699E-01
 1.09509E+03	 2.12794E-01
 1.09769E+03	 2.55499E-01
 1.10028E+03	 1.43965E-01
 1.10287E+03	 2.25178E-01
 1.10547E+03	 1.57391E-01
 1.10806E+03	 2.01613E-01
 1.11065E+03	 1.65283E-01
 1.11324E+03	 1.86142E-01
 1.11583E+03	 1.74095E-01
 1.11842E+03	 2.10749E-01
 1.12100E+03	 2.07938E-01
 1.12359E+03	 2.16783E-01
 1.12617E+03	 2.26888E-01
 1.12876E+03	 2.73605E-01
 1.13134E+03	 2.23754E-01
 1.13393E+03	 2.51136E-01
 1.13651E+03	 2.44429E-01
 1.13909E+03	 2.31797E-01
 1.14167E+03	 2.38674E-01
 1.14425E+03	 2.57053E-01
 1.14683E+03	 2.43159E-01
 1.14941E+03	 2.43505E-01
 1.15198E+03	 2.38760E-01
 1.15456E+03	 2.66881E-01
 1.15714E+03	 2.71619E-01
 1.15971E+03	 2.43690E-01
 1.16228E+03	 2.30651E-01
 1.16486E+03	 2.16147E-01
 1.16743E+03	 2.37552E-01
 1.17000E+03	 2.02619E-01
 1.17257E+03	 2.00171E-01
 1.17514E+03	 2.19556E-01
 1.17771E+03	 1.53846E-01
 1.18028E+03	 2.36778E-01
 1.18284E+03	 2.59407E-01
 1.18541E+03	 2.02776E-01
 1.18798E+03	 2.23897E-01
 1.19054E+03	 2.10699E-01
 1.19310E+03	 2.49572E-01
 1.19567E+03	 2.33237E-01
 1.19823E+03	 2.32804E-01
 1.20079E+03	 2.02666E-01
 1.20335E+03	 2.70426E-01
 1.20591E+03	 2.96283E-01
 1.20847E+03	 2.59496E-01
 1.21103E+03	 2.79833E-01
 1.21358E+03	 3.15761E-01
 1.21614E+03	 2.87363E-01
 1.21869E+03	 3.39533E-01
 1.22125E+03	 3.35639E-01
 1.22380E+03	 2.88628E-01
 1.22636E+03	 3.31953E-01
 1.22891E+03	 3.83169E-01
 1.23146E+03	 3.01973E-01
 1.23401E+03	 3.26601E-01
 1.23656E+03	 3.54979E-01
 1.23911E+03	 3.45115E-01
 1.24165E+03	 3.35927E-01
 1.24420E+03	 2.76053E-01
 1.24675E+03	 3.79936E-01
 1.24929E+03	 3.76354E-01
 1.25184E+03	 3.74855E-01
 1.25438E+03	 3.93001E-01
 1.25692E+03	 4.52338E-01
 1.25947E+03	 4.13558E-01
 1.26201E+03	 4.06802E-01
 1.26455E+03	 3.40465E-01
 1.26709E+03	 3.70278E-01
 1.26963E+03	 3.41551E-01
 1.27216E+03	 3.61230E-01
 1.27470E+03	 4.05422E-01
 1.27724E+03	 3.51457E-01
 1.27977E+03	 3.58954E-01
 1.28231E+03	 3.96790E-01
 1.28484E+03	 4.31095E-01
 1.28737E+03	 4.22403E-01
 1.28991E+03	 3.65233E-01
 1.29244E+03	 3.92790E-01
 1.29497E+03	 3.64269E-01
 1.29750E+03	 3.91786E-01
 1.30003E+03	 3.93767E-01
 1.30256E+03	 3.58339E-01
 1.30508E+03	 3.73232E-01
 1.30761E+03	 4.76593E-01
 1.31013E+03	 3.79604E-01
 1.31266E+03	 4.27337E-01
 1.31518E+03	 3.04478E-01
 1.31771E+03	 3.77022E-01
 1.32023E+03	 4.42882E-01
 1.32275E+03	 4.20150E-01
 1.32527E+03	 4.39564E-01
 1.32779E+03	 4.34411E-01
 1.33031E+03	 4.01251E-01
 1.33283E+03	 4.44682E-01
 1.33535E+03	 4.39022E-01
 1.33786E+03	 4.26276E-01
 1.34038E+03	 4.21044E-01
 1.34289E+03	 4.49752E-01
 1.34541E+03	 4.23911E-01
 1.34792E+03	 4.18227E-01
 1.35043E+03	 4.57064E-01
 1.35295E+03	 4.41635E-01
 1.35546E+03	 4.32533E-01
 1.35797E+03	 4.71465E-01
 1.36048E+03	 4.46573E-01
 1.36298E+03	 4.44744E-01
 1.36549E+03	 4.68863E-01
 1.36800E+03	 4.60191E-01
 1.37050E+03	 4.06967E-01
 1.37301E+03	 4.51851E-01
 1.37551E+03	 4.66446E-01
 1.37802E+03	 4.17665E-01
 1.38052E+03	 4.14129E-01
 1.38302E+03	 4.69723E-01
 1.38552E+03	 4.27366E-01
 1.38803E+03	 3.82434E-01
 1.39052E+03	 3.81407E-01
 1.39302E+03	 3.80271E-01
 1.39552E+03	 4.87328E-01
 1.39802E+03	 4.36118E-01
 1.40052E+03	 4.44990E-01
 1.40301E+03	 4.05518E-01
 1.40551E+03	 4.67367E-01
 1.40800E+03	 4.97643E-01
 1.41049E+03	 5.04724E-01
 1.41299E+03	 4.53386E-01
 1.41548E+03	 5.09386E-01
 1.41797E+03	 4.49371E-01
 1.42046E+03	 5.12977E-01
 1.42295E+03	 5.48473E-01
 1.42544E+03	 4.95103E-01
 1.42792E+03	 5.09592E-01
 1.43041E+03	 5.22975E-01
 1.43290E+03	 5.18802E-01
 1.43538E+03	 4.98139E-01
 1.43787E+03	 4.99744E-01
 1.44035E+03	 5.11358E-01
 1.44283E+03	 5.13637E-01
 1.44532E+03	 5.52533E-01
 1.44780E+03	 5.12469E-01
 1.45028E+03	 5.86508E-01
 1.45276E+03	 5.56695E-01
 1.45524E+03	 5.42168E-01
 1.45771E+03	 5.98431E-01
 1.46019E+03	 5.57581E-01
 1.46267E+03	 5.53685E-01
 1.46514E+03	 5.28028E-01
 1.46762E+03	 5.55579E-01
 1.47009E+03	 5.91421E-01
 1.47257E+03	 5.20588E-01
 1.47504E+03	 5.62882E-01
 1.47751E+03	 5.35421E-01
 1.47998E+03	 5.40687E-01
 1.48245E+03	 5.50450E-01
 1.48492E+03	 4.91686E-01
 1.48739E+03	 4.65938E-01
 1.48986E+03	 5.04067E-01
 1.49233E+03	 4.89701E-01
 1.49479E+03	 5.33719E-01
 1.49726E+03	 5.61062E-01
 1.49972E+03	 5.04735E-01
 1.50219E+03	 5.17751E-01
 1.50465E+03	 5.19437E-01
 1.50711E+03	 4.91129E-01
 1.50957E+03	 5.30630E-01
 1.51203E+03	 5.44108E-01
 1.51449E+03	 5.29776E-01
 1.51695E+03	 5.91100E-01
 1.51941E+03	 5.93904E-01
 1.52187E+03	 5.55074E-01
 1.52433E+03	 5.84871E-01
 1.52678E+03	 5.94597E-01
 1.52924E+03	 6.08869E-01
 1.53169E+03	 6.56833E-01
 1.53415E+03	 5.87387E-01
 1.53660E+03	 6.29045E-01
 1.53905E+03	 6.02302E-01
 1.54150E+03	 6.45768E-01
 1.54396E+03	 7.07585E-01
 1.54641E+03	 6.88419E-01
 1.54885E+03	 6.97791E-01
 1.55130E+03	 6.85858E-01
 1.55375E+03	 6.62995E-01
 1.55620E+03	 7.54941E-01
 1.55864E+03	 7.75277E-01
 1.56109E+03	 7.57963E-01
 1.56353E+03	 7.45569E-01
 1.56598E+03	 8.10386E-01
 1.56842E+03	 8.23622E-01
 1.57086E+03	 7.97858E-01
 1.57330E+03	 8.58719E-01
 1.57574E+03	 8.23144E-01
 1.57818E+03	 8.59787E-01
 1.58062E+03	 9.14247E-01
 1.58306E+03	 8.94364E-01
 1.58550E+03	 9.21233E-01
 1.58794E+03	 9.79248E-01
 1.59037E+03	 9.72677E-01
 1.59281E+03	 1.02982E+00
 1.59524E+03	 1.05614E+00
 1.59768E+03	 1.02405E+00
 1.60011E+03	 1.06094E+00
 1.60254E+03	 1.04070E+00
 1.60497E+03	 1.10914E+00
 1.60740E+03	 1.13986E+00
 1.60983E+03	 1.17242E+00
 1.61226E+03	 1.19170E+00
 1.61469E+03	 1.24753E+00
 1.61712E+03	 1.28739E+00
 1.61954E+03	 1.26980E+00
 1.62197E+03	 1.31554E+00
 1.62440E+03	 1.33044E+00
 1.62682E+03	 1.30142E+00
 1.62924E+03	 1.38655E+00
 1.63167E+03	 1.36251E+00
 1.63409E+03	 1.38088E+00
 1.63651E+03	 1.40301E+00
 1.63893E+03	 1.46754E+00
 1.64135E+03	 1.49494E+00
 1.64377E+03	 1.49350E+00
 1.64619E+03	 1.43957E+00
 1.64861E+03	 1.43614E+00
 1.65102E+03	 1.43507E+00
 1.65344E+03	 1.38920E+00
 1.65586E+03	 1.43165E+00
 1.65827E+03	 1.41040E+00
 1.66068E+03	 1.40806E+00
 1.66310E+03	 1.39294E+00
 1.66551E+03	 1.38080E+00
 1.66792E+03	 1.26745E+00
 1.67033E+03	 1.26722E+00
 1.67274E+03	 1.20520E+00
 1.67515E+03	 1.15124E+00
 1.67756E+03	 1.14854E+00
 1.67997E+03	 1.17781E+00
 1.68238E+03	 1.13471E+00
 1.68478E+03	 1.09383E+00
 1.68719E+03	 1.06994E+00
 1.68959E+03	 1.06539E+00
 1.69200E+03	 9.89360E-01
 1.69440E+03	 9.59760E-01
 1.69680E+03	 9.35493E-01
 1.69920E+03	 8.91608E-01
 1.70161E+03	 8.48903E-01
 1.70401E+03	 7.87561E-01
 1.70641E+03	 7.77654E-01
 1.70880E+03	 7.77056E-01
 1.71120E+03	 7.50412E-01
 1.71360E+03	 7.78978E-01
 1.71600E+03	 7.13126E-01
 1.71839E+03	 7.26808E-01
 1.72079E+03	 6.68894E-01
 1.72318E+03	 6.63546E-01
 1.72558E+03	 6.29094E-01
 1.72797E+03	 6.48943E-01
 1.73036E+03	 6.25876E-01
 1.73275E+03	 6.12690E-01
 1.73514E+03	 6.12039E-01
 1.73753E+03	 5.75145E-01
 1.73992E+03	 5.40562E-01
 1.74231E+03	 5.65410E-01
 1.74470E+03	 5.71621E-01
 1.74708E+03	 5.04297E-01
 1.74947E+03	 5.19973E-01
 1.75186E+03	 5.52375E-01
 1.75424E+03	 5.69469E-01
 1.75663E+03	 4.31991E-01
 1.75901E+03	 5.24508E-01
 1.76139E+03	 5.51680E-01
 1.76377E+03	 4.99587E-01
 1.76615E+03	 5.37324E-01
 1.76853E+03	 5.14437E-01
 1.77091E+03	 4.87519E-01
 1.77329E+03	 4.66734E-01
 1.77567E+03	 4.74537E-01
 1.77805E+03	 4.60944E-01
 1.78042E+03	 4.90102E-01
 1.78280E+03	 4.86051E-01
 1.78518E+03	 4.38280E-01
 1.78755E+03	 4.66848E-01
 1.78992E+03	 4.99994E-01
 1.79230E+03	 4.86752E-01
 1.79467E+03	 4.25491E-01
 1.79704E+03	 4.83668E-01
 1.79941E+03	 4.23778E-01
 1.80178E+03	 4.40039E-01
 1.80415E+03	 4.16777E-01
 1.80652E+03	 3.65838E-01
 1.80889E+03	 4.28236E-01
 1.81125E+03	 3.87243E-01
 1.81362E+03	 3.96095E-01
 1.81598E+03	 4.09047E-01
 1.81835E+03	 3.57902E-01
 1.82071E+03	 4.07939E-01
 1.82308E+03	 4.14794E-01
 1.82544E+03	 3.94363E-01
 1.82780E+03	 3.78428E-01
 1.83016E+03	 4.26243E-01
 1.83252E+03	 4.00593E-01
 1.83488E+03	 3.90616E-01
 1.83724E+03	 3.81217E-01
 1.83960E+03	 4.19638E-01
 1.84196E+03	 3.84058E-01
 1.84431E+03	 4.18547E-01
 1.84667E+03	 3.73960E-01
 1.84903E+03	 3.75649E-01
 1.85138E+03	 3.74492E-01
 1.85373E+03	 3.56377E-01
 1.85609E+03	 4.72659E-01
 1.85844E+03	 3.78043E-01
 1.86079E+03	 4.11984E-01
 1.86314E+03	 4.43243E-01
 1.86549E+03	 3.92466E-01
 1.86784E+03	 4.53709E-01
 1.87019E+03	 3.91618E-01
 1.87254E+03	 4.28963E-01
 1.87489E+03	 4.04738E-01
 1.87723E+03	 4.19498E-01
 1.87958E+03	 4.78626E-01
 1.88192E+03	 4.21190E-01
 1.88427E+03	 4.48797E-01
 1.88661E+03	 3.93340E-01
 1.88896E+03	 4.23375E-01
 1.89130E+03	 4.17385E-01
 1.89364E+03	 4.90584E-01
 1.89598E+03	 4.23629E-01
 1.89832E+03	 5.03196E-01
 1.90066E+03	 4.41664E-01
 1.90300E+03	 4.83958E-01
 1.90534E+03	 4.73161E-01
 1.90767E+03	 4.79438E-01
 1.91001E+03	 4.11661E-01
 1.91235E+03	 4.56713E-01
 1.91468E+03	 4.35105E-01
 1.91702E+03	 4.81437E-01
 1.91935E+03	 4.76700E-01
 1.92168E+03	 4.44550E-01
 1.92402E+03	 4.63039E-01
 1.92635E+03	 5.06097E-01
 1.92868E+03	 4.38300E-01
 1.93101E+03	 4.55743E-01
 1.93334E+03	 4.17623E-01
 1.93567E+03	 4.06923E-01
 1.93799E+03	 4.82902E-01
 1.94032E+03	 4.20752E-01
 1.94265E+03	 4.35574E-01
 1.94497E+03	 5.00377E-01
 1.94730E+03	 4.39773E-01
 1.94962E+03	 5.02836E-01
 1.95195E+03	 5.08357E-01
 1.95427E+03	 5.34894E-01
 1.95659E+03	 4.56128E-01
 1.95891E+03	 4.32505E-01
 1.96124E+03	 4.56569E-01
 1.96356E+03	 5.36825E-01
 1.96588E+03	 4.88498E-01
 1.96819E+03	 4.33668E-01
 1.97051E+03	 4.44189E-01
 1.97283E+03	 4.96736E-01
 1.97515E+03	 5.31398E-01
 1.97746E+03	 5.17467E-01
 1.97978E+03	 4.73874E-01
 1.98209E+03	 5.01958E-01
 1.98441E+03	 5.02186E-01
 1.98672E+03	 5.07014E-01
 1.98903E+03	 4.96494E-01
 1.99134E+03	 5.42174E-01
 1.99365E+03	 4.81241E-01
 1.99596E+03	 5.74899E-01
 1.99827E+03	 5.38590E-01
 2.00058E+03	 5.32270E-01
 2.00289E+03	 5.28583E-01
 2.00520E+03	 5.64416E-01
 2.00751E+03	 5.28468E-01
 2.00981E+03	 5.57096E-01
 2.01212E+03	 5.82125E-01
 2.01442E+03	 6.03624E-01
 2.01673E+03	 5.51497E-01
 2.01903E+03	 5.73088E-01
 2.02133E+03	 5.76652E-01
 2.02363E+03	 6.29949E-01
 2.02594E+03	 5.70583E-01
 2.02824E+03	 6.10824E-01
 2.03054E+03	 6.54823E-01
 2.03283E+03	 6.07733E-01
 2.03513E+03	 5.91881E-01
 2.03743E+03	 5.95949E-01
 2.03973E+03	 5.44181E-01
 2.04202E+03	 6.19906E-01
 2.04432E+03	 6.44967E-01
 2.04662E+03	 5.79753E-01
 2.04891E+03	 5.91837E-01
 2.05120E+03	 5.62321E-01
 2.05350E+03	 6.15999E-01
 2.05579E+03	 6.81300E-01
 2.05808E+03	 6.45443E-01
 2.06037E+03	 6.03142E-01
 2.06266E+03	 5.91942E-01
 2.06495E+03	 6.20877E-01
 2.06724E+03	 6.64133E-01
 2.06953E+03	 6.26220E-01
 2.07181E+03	 6.43182E-01
 2.07410E+03	 6.25937E-01
 2.07639E+03	 6.33471E-01
 2.07867E+03	 5.75960E-01
 2.08096E+03	 6.08292E-01
 2.08324E+03	 6.09099E-01
 2.08552E+03	 6.56406E-01
 2.08781E+03	 6.31725E-01
 2.09009E+03	 6.39234E-01
 2.09237E+03	 6.55462E-01
 2.09465E+03	 6.08479E-01
 2.09693E+03	 6.50786E-01
 2.09921E+03	 6.98976E-01
 2.10149E+03	 6.49205E-01
 2.10376E+03	 7.17269E-01
 2.10604E+03	 6.29213E-01
 2.10832E+03	 6.46873E-01
 2.11059E+03	 6.20668E-01
 2.11287E+03	 6.29571E-01
 2.11514E+03	 6.62355E-01
 2.11742E+03	 6.33662E-01
 2.11969E+03	 6.22318E-01
 2.12196E+03	 6.59278E-01
 2.12423E+03	 6.53720E-01
 2.12650E+03	 5.85190E-01
 2.12877E+03	 6.75820E-01
 2.13104E+03	 5.83929E-01
 2.13331E+03	 6.67728E-01
 2.13558E+03	 6.22883E-01
 2.13785E+03	 6.53366E-01
 2.14012E+03	 6.02710E-01
 2.14238E+03	 6.14192E-01
 2.14465E+03	 6.54654E-01
 2.14691E+03	 5.66266E-01
 2.14918E+03	 5.63924E-01
 2.15144E+03	 5.91410E-01
 2.15370E+03	 5.63727E-01
 2.15596E+03	 6.04259E-01
 2.15823E+03	 5.78785E-01
 2.16049E+03	 5.78037E-01
 2.16275E+03	 5.76695E-01
 2.16501E+03	 5.53809E-01
 2.16726E+03	 5.61457E-01
 2.16952E+03	 5.45626E-01
 2.17178E+03	 6.14475E-01
 2.17404E+03	 5.78274E-01
 2.17629E+03	 5.61447E-01
 2.17855E+03	 5.32669E-01
 2.18080E+03	 5.83208E-01
 2.18306E+03	 5.80822E-01
 2.18531E+03	 5.70857E-01
 2.18756E+03	 5.26293E-01
 2.18981E+03	 5.51368E-01
 2.19206E+03	 5.33218E-01
 2.19432E+03	 5.52618E-01
 2.19657E+03	 5.17672E-01
 2.19881E+03	 5.26156E-01
 2.20106E+03	 4.91369E-01
 2.20331E+03	 5.14555E-01
 2.20556E+03	 5.14678E-01
 2.20780E+03	 4.77166E-01
 2.21005E+03	 4.57540E-01
 2.21230E+03	 5.33723E-01
 2.21454E+03	 4.64246E-01
 2.21678E+03	 4.91555E-01
 2.21903E+03	 5.10419E-01
 2.22127E+03	 4.85827E-01
 2.22351E+03	 4.79849E-01
 2.22575E+03	 4.87812E-01
 2.22799E+03	 5.08228E-01
 2.23023E+03	 4.79652E-01
 2.23247E+03	 4.28740E-01
 2.23471E+03	 4.86592E-01
 2.23695E+03	 4.98701E-01
 2.23919E+03	 4.84506E-01
 2.24142E+03	 4.49146E-01
 2.24366E+03	 4.29662E-01
 2.24589E+03	 4.46814E-01
 2.24813E+03	 4.51204E-01
 2.25036E+03	 4.69711E-01
 2.25260E+03	 4.43053E-01
 2.25483E+03	 4.49209E-01
 2.25706E+03	 5.29162E-01
 2.25929E+03	 4.38538E-01
 2.26152E+03	 4.35891E-01
 2.26375E+03	 4.28886E-01
 2.26598E+03	 3.85067E-01
 2.26821E+03	 4.47054E-01
 2.27044E+03	 4.20170E-01
 2.27267E+03	 4.41606E-01
 2.27489E+03	 3.55724E-01
 2.27712E+03	 3.66070E-01
 2.27934E+03	 4.16159E-01
 2.28157E+03	 3.63473E-01
 2.28379E+03	 4.04204E-01
 2.28601E+03	 4.17484E-01
 2.28824E+03	 4.15610E-01
 2.29046E+03	 3.40081E-01
 2.29268E+03	 3.50924E-01
 2.29490E+03	 4.16674E-01
 2.29712E+03	 3.60394E-01
 2.29934E+03	 3.77263E-01
 2.30156E+03	 3.83696E-01
 2.30378E+03	 3.96048E-01
 2.30600E+03	 3.38872E-01
 2.30821E+03	 3.98715E-01
 2.31043E+03	 3.75350E-01
 2.31264E+03	 3.74232E-01
 2.31486E+03	 3.07907E-01
 2.31707E+03	 3.01679E-01
 2.31929E+03	 2.73625E-01
 2.32150E+03	 3.12557E-01
 2.32371E+03	 3.26393E-01
 2.32592E+03	 3.20082E-01
 2.32813E+03	 3.53443E-01
 2.33034E+03	 3.27689E-01
 2.33255E+03	 3.30374E-01
 2.33476E+03	 3.62876E-01
 2.33697E+03	 2.97130E-01
 2.33918E+03	 3.35240E-01
 2.34139E+03	 2.94514E-01
 2.34359E+03	 3.05717E-01
 2.34580E+03	 3.23720E-01
 2.34800E+03	 2.92293E-01
 2.35021E+03	 3.07161E-01
 2.35241E+03	 2.57563E-01
 2.35461E+03	 2.99034E-01
 2.35682E+03	 3.39144E-01
 2.35902E+03	 2.80151E-01
 2.36122E+03	 3.14362E-01
 2.36342E+03	 2.98889E-01
 2.36562E+03	 2.67413E-01
 2.36782E+03	 3.48656E-01
 2.37002E+03	 2.40577E-01
 2.37221E+03	 2.91505E-01
 2.37441E+03	 2.43830E-01
 2.37661E+03	 2.82294E-01
 2.37880E+03	 2.93225E-01
 2.38100E+03	 1.91585E-01
 2.38319E+03	 2.36316E-01
 2.38539E+03	 2.51557E-01
 2.38758E+03	 2.35078E-01
 2.38978E+03	 2.38328E-01
 2.39197E+03	 2.66157E-01
 2.39416E+03	 2.36015E-01
 2.39635E+03	 2.77901E-01
 2.39854E+03	 1.70417E-01
 2.40073E+03	 2.15688E-01
 2.40292E+03	 2.77917E-01
 2.40511E+03	 2.28251E-01
 2.40729E+03	 2.35685E-01
 2.40948E+03	 2.23818E-01
 2.41167E+03	 2.13390E-01
 2.41385E+03	 2.15944E-01
 2.41604E+03	 1.58637E-01
 2.41822E+03	 2.53646E-01
 2.42041E+03	 1.84446E-01
 2.42259E+03	 2.12895E-01
 2.42477E+03	 1.93331E-01
 2.42695E+03	 1.96193E-01
 2.42914E+03	 1.67605E-01
 2.43132E+03	 1.93498E-01
 2.43350E+03	 1.73829E-01
 2.43568E+03	 1.54511E-01
 2.43785E+03	 2.33691E-01
 2.44003E+03	 1.16340E-01
 2.44221E+03	 1.78061E-01
 2.44439E+03	 1.64773E-01
 2.44656E+03	 1.99280E-01
 2.44874E+03	 1.29695E-01
 2.45091E+03	 1.98327E-01
 2.45309E+03	 1.61888E-01
 2.45526E+03	 1.68483E-01
 2.45743E+03	 1.47539E-01
 2.45961E+03	 1.93971E-01
 2.46178E+03	 1.26754E-01
 2.46395E+03	 1.38709E-01
 2.46612E+03	 1.28001E-01
 2.46829E+03	 1.51665E-01
 2.47046E+03	 1.25561E-01
 2.47263E+03	 1.80643E-01
 2.47480E+03	 1.63315E-01
 2.47696E+03	 1.72474E-01
 2.47913E+03	 1.13725E-01
 2.48130E+03	 1.41144E-01
 2.48346E+03	 1.16559E-01
 2.48563E+03	 1.29214E-01
 2.48779E+03	 1.60659E-01
 2.48995E+03	 1.75225E-01
 2.49212E+03	 1.32225E-01
 2.49428E+03	 1.19803E-01
 2.49644E+03	 1.15769E-01
 2.49860E+03	 9.47170E-02
 2.50076E+03	 1.35203E-01
 2.50292E+03	 1.34784E-01
 2.50508E+03	 1.40563E-01
 2.50724E+03	 6.07978E-02
 2.50940E+03	 1.21177E-01
 2.51156E+03	 1.00966E-01
 2.51371E+03	 9.32740E-02
 2.51587E+03	 8.22520E-02
 2.51802E+03	 1.46416E-01
 2.52018E+03	 1.27295E-01
 2.52233E+03	 7.93848E-02
 2.52449E+03	 7.50342E-02
 2.52664E+03	 1.07965E-01
 2.52879E+03	 5.63238E-02
 2.53094E+03	 1.19904E-01
 2.53309E+03	 7.03056E-02
 2.53525E+03	 8.08537E-02
 2.53740E+03	 1.31830E-02
 2.53954E+03	 7.64946E-02
 2.54169E+03	 5.75484E-02
 2.54384E+03	 4.14824E-02
 2.54599E+03	 4.94525E-02
 2.54814E+03	 4.42025E-02
 2.55028E+03	 7.45767E-02
 2.55243E+03	 9.73568E-02
 2.55457E+03	 6.39410E-03
 2.55672E+03	 8.75743E-02
 2.55886E+03	 4.62802E-02
 2.56100E+03	 1.15429E-01
 2.56315E+03	 7.82757E-02
 2.56529E+03	 6.57355E-02
 2.56743E+03	 7.20605E-02
 2.56957E+03	 5.49549E-02
 2.57171E+03	 6.98291E-02
 2.57385E+03	 3.64674E-02
 2.57599E+03	 1.71373E-02
 2.57812E+03	 5.59883E-02
 2.58026E+03	 2.29688E-02
 2.58240E+03	-6.53544E-03
 2.58454E+03	 2.54160E-02
 2.58667E+03	 1.92590E-02
 2.58881E+03	 1.16556E-02
 2.59094E+03	 4.77167E-02
 2.59307E+03	-2.61474E-02
 2.59521E+03	 3.84117E-02
 2.59734E+03	-7.75803E-03
 2.59947E+03	 2.78799E-02
 2.60160E+03	 3.46897E-02
 2.60373E+03	-3.68975E-03
 2.60586E+03	 5.14505E-02
 2.60799E+03	-7.05906E-03
 2.61012E+03	 2.96970E-02
 2.61225E+03	 2.85605E-02
 2.61438E+03	-1.73905E-02
 2.61651E+03	 2.60398E-02
 2.61863E+03	 6.87228E-03
 2.62076E+03	-9.52546E-03
 2.62288E+03	 1.13133E-02
 2.62501E+03	-5.34775E-02
 2.62713E+03	 4.20120E-02
 2.62926E+03	 7.60395E-03
 2.63138E+03	-1.95166E-02
 2.63350E+03	-2.04453E-02
 2.63562E+03	-1.95795E-03
 2.63774E+03	-2.09984E-02
 2.63986E+03	-5.74651E-03
 2.64198E+03	 3.57539E-02
 2.64410E+03	 1.79278E-02
 2.64622E+03	 3.74308E-02
 2.64834E+03	-1.26885E-02
 2.65046E+03	 5.15692E-02
 2.65257E+03	-4.87301E-02
 2.65469E+03	-2.83401E-02
 2.65681E+03	-2.14765E-02
 2.65892E+03	-2.45348E-02
 2.66104E+03	 2.78099E-02
 2.66315E+03	-4.40264E-02
 2.66526E+03	-3.02419E-02
 2.66738E+03	-6.13033E-02
 2.66949E+03	-5.06756E-02
 2.67160E+03	-5.14790E-03
 2.67371E+03	-3.54629E-02
 2.67582E+03	-1.79416E-02
 2.67793E+03	-4.83496E-02
 2.68004E+03	 7.45707E-03
 2.68215E+03	-3.92742E-02
 2.68425E+03	-2.03318E-02
 2.68636E+03	-2.98386E-02
 2.68847E+03	 3.04581E-02
 2.69057E+03	-1.73162E-02
 2.69268E+03	-1.69972E-02
 2.69478E+03	-2.26896E-02
 2.69689E+03	-4.74626E-02
 2.69899E+03	-4.00516E-02
 2.70110E+03	 6.35477E-03
 2.70320E+03	 8.48958E-03
 2.70530E+03	-1.38402E-02
 2.70740E+03	-2.19843E-02
 2.70950E+03	-2.66949E-02
 2.71160E+03	-3.82704E-02
 2.71370E+03	 1.52267E-02
 2.71580E+03	-3.35462E-02
 2.71790E+03	 3.80324E-02
 2.72000E+03	-2.43714E-02
 2.72209E+03	-3.21000E-02
 2.72419E+03	 1.33533E-02
 2.72629E+03	-3.37007E-02
 2.72838E+03	-6.20990E-02
 2.73048E+03	-2.04823E-02
 2.73257E+03	-2.27925E-02
 2.73466E+03	-4.85253E-02
 2.73676E+03	-1.83179E-02
 2.73885E+03	-2.17369E-02
 2.74094E+03	-6.27706E-02
 2.74303E+03	-1.29051E-02
 2.74512E+03	-4.53508E-02
 2.74721E+03	-9.36743E-03
 2.74930E+03	-5.77467E-02
 2.75139E+03	-1.32881E-02
 2.75348E+03	 1.67644E-02
 2.75557E+03	 5.11658E-03
 2.75765E+03	-7.26171E-02
 2.75974E+03	-2.50379E-02
 2.76182E+03	-1.54610E-02
 2.76391E+03	 3.65699E-04
 2.76599E+03	-2.67811E-02
 2.76808E+03	 3.90589E-03
 2.77016E+03	-5.29038E-02
 2.77224E+03	-6.12228E-03
 2.77433E+03	 3.84653E-02
 2.77641E+03	-2.75148E-02
 2.77849E+03	 2.58619E-02
 2.78057E+03	 1.58801E-02
 2.78265E+03	 1.42964E-04
 2.78473E+03	 7.66434E-02
 2.78681E+03	 1.67186E-02
 2.78889E+03	 5.54502E-02
 2.79096E+03	 3.37048E-02
 2.79304E+03	-3.09570E-02
 2.79512E+03	 4.84079E-02
 2.79719E+03	 9.78815E-03
 2.79927E+03	 3.67032E-02
 2.80134E+03	 3.36545E-02
 2.80342E+03	 7.22395E-02
 2.80549E+03	 1.12981E-01
 2.80756E+03	 2.91245E-02
 2.80964E+03	 5.49560E-02
 2.81171E+03	 4.66154E-02
 2.81378E+03	 4.68171E-02
 2.81585E+03	 1.26391E-01
 2.81792E+03	 9.66263E-02
 2.81999E+03	 4.55426E-02
 2.82206E+03	 7.25202E-02
 2.82413E+03	 1.00534E-01
 2.82620E+03	 1.37496E-01
 2.82826E+03	 4.98799E-02
 2.83033E+03	 1.05472E-01
 2.83239E+03	 1.24526E-01
 2.83446E+03	 1.48542E-01
 2.83653E+03	 1.76611E-01
 2.83859E+03	 1.67184E-01
 2.84065E+03	 2.18492E-01
 2.84272E+03	 2.59346E-01
 2.84478E+03	 2.53634E-01
 2.84684E+03	 3.37801E-01
 2.84890E+03	 3.09327E-01
 2.85096E+03	 3.11924E-01
 2.85302E+03	 3.30719E-01
 2.85508E+03	 3.04860E-01
 2.85714E+03	 3.11509E-01
 2.85920E+03	 3.61327E-01
 2.86126E+03	 3.45816E-01
 2.86332E+03	 3.86472E-01
 2.86537E+03	 3.84287E-01
 2.86743E+03	 4.18411E-01
 2.86948E+03	 4.21407E-01
 2.87154E+03	 4.44584E-01
 2.87359E+03	 4.96621E-01
 2.87565E+03	 5.06951E-01
 2.87770E+03	 5.86199E-01
 2.87975E+03	 5.70846E-01
 2.88181E+03	 5.72321E-01
 2.88386E+03	 5.49069E-01
 2.88591E+03	 5.96518E-01
 2.88796E+03	 6.82310E-01
 2.89001E+03	 6.81870E-01
 2.89206E+03	 7.12535E-01
 2.89411E+03	 6.91289E-01
 2.89616E+03	 7.61232E-01
 2.89820E+03	 8.25900E-01
 2.90025E+03	 8.62946E-01
 2.90230E+03	 8.52695E-01
 2.90434E+03	 9.86366E-01
 2.90639E+03	 1.00655E+00
 2.90843E+03	 9.93849E-01
 2.91048E+03	 1.06396E+00
 2.91252E+03	 1.05383E+00
 2.91456E+03	 1.05916E+00
 2.91661E+03	 1.01868E+00
 2.91865E+03	 1.09246E+00
 2.92069E+03	 1.11998E+00
 2.92273E+03	 1.08063E+00
 2.92477E+03	 1.12302E+00
 2.92681E+03	 1.10900E+00
 2.92885E+03	 1.16029E+00
 2.93089E+03	 1.19373E+00
 2.93293E+03	 1.19263E+00
 2.93496E+03	 1.21678E+00
 2.93700E+03	 1.25246E+00
 2.93904E+03	 1.19682E+00
 2.94107E+03	 1.25304E+00
 2.94311E+03	 1.22729E+00
 2.94514E+03	 1.26308E+00
 2.94718E+03	 1.33433E+00
 2.94921E+03	 1.34370E+00
 2.95124E+03	 1.30744E+00
 2.95328E+03	 1.36811E+00
 2.95531E+03	 1.45235E+00
 2.95734E+03	 1.41535E+00
 2.95937E+03	 1.49070E+00
 2.96140E+03	 1.45909E+00
 2.96343E+03	 1.46293E+00
 2.96546E+03	 1.57500E+00
 2.96749E+03	 1.55313E+00
 2.96951E+03	 1.59058E+00
 2.97154E+03	 1.62177E+00
 2.97357E+03	 1.70172E+00
 2.97559E+03	 1.70529E+00
 2.97762E+03	 1.70776E+00
 2.97965E+03	 1.77756E+00
 2.98167E+03	 1.81841E+00
 2.98369E+03	 1.88699E+00
 2.98572E+03	 1.93402E+00
 2.98774E+03	 1.87997E+00
 2.98976E+03	 1.97433E+00
 2.99178E+03	 2.05183E+00
 2.99381E+03	 2.09301E+00
 2.99583E+03	 2.20280E+00
 2.99785E+03	 2.14565E+00
 2.99987E+03	 2.17436E+00
 3.00188E+03	 2.13023E+00
 3.00390E+03	 2.17867E+00
 3.00592E+03	 2.17615E+00
 3.00794E+03	 2.13534E+00
 3.00996E+03	 2.23477E+00
 3.01197E+03	 2.18132E+00
 3.01399E+03	 2.22223E+00
 3.01600E+03	 2.32112E+00
 3.01802E+03	 2.37633E+00
 3.02003E+03	 2.45858E+00
 3.02204E+03	 2.50335E+00
 3.02406E+03	 2.52621E+00
 3.02607E+03	 2.56707E+00
 3.02808E+03	 2.63201E+00
 3.03009E+03	 2.52534E+00
 3.03210E+03	 2.81387E+00
 3.03411E+03	 2.83066E+00
 3.03612E+03	 2.89335E+00
 3.03813E+03	 2.99233E+00
 3.04014E+03	 3.04014E+00
 3.04215E+03	 3.07487E+00
 3.04416E+03	 3.17156E+00
 3.04616E+03	 3.26064E+00
 3.04817E+03	 3.32002E+00
 3.05017E+03	 3.53181E+00
 3.05218E+03	 3.49976E+00
 3.05418E+03	 3.61861E+00
 3.05619E+03	 3.81951E+00
 3.05819E+03	 3.76944E+00
 3.06019E+03	 3.86284E+00
 3.06220E+03	 3.94237E+00
 3.06420E+03	 4.09927E+00
 3.06620E+03	 4.14478E+00
 3.06820E+03	 4.28691E+00
 3.07020E+03	 4.40526E+00
 3.07220E+03	 4.46046E+00
 3.07420E+03	 4.55700E+00
 3.07620E+03	 4.72510E+00
 3.07820E+03	 4.84363E+00
 3.08019E+03	 4.93559E+00
 3.08219E+03	 5.07440E+00
 3.08419E+03	 5.23459E+00
 3.08618E+03	 5.30356E+00
 3.08818E+03	 5.41181E+00
 3.09017E+03	 5.58033E+00
 3.09217E+03	 5.78451E+00
 3.09416E+03	 5.91521E+00
 3.09616E+03	 5.97465E+00
 3.09815E+03	 6.14941E+00
 3.10014E+03	 6.40201E+00
 3.10213E+03	 6.59507E+00
 3.10412E+03	 6.66252E+00
 3.10611E+03	 6.84643E+00
 3.10810E+03	 6.96702E+00
 3.11009E+03	 7.17906E+00
 3.11208E+03	 7.31277E+00
 3.11407E+03	 7.59903E+00
 3.11606E+03	 7.73718E+00
 3.11805E+03	 7.92969E+00
 3.12003E+03	 8.10473E+00
 3.12202E+03	 8.22606E+00
 3.12400E+03	 8.54459E+00
 3.12599E+03	 8.70770E+00
 3.12797E+03	 8.78803E+00
 3.12996E+03	 9.03446E+00
 3.13194E+03	 9.21939E+00
 3.13392E+03	 9.52420E+00
 3.13591E+03	 9.65768E+00
 3.13789E+03	 9.81561E+00
 3.13987E+03	 1.00236E+01
 3.14185E+03	 1.02446E+01
 3.14383E+03	 1.04134E+01
 3.14581E+03	 1.06817E+01
 3.14779E+03	 1.08801E+01
 3.14977E+03	 1.10836E+01
 3.15175E+03	 1.12354E+01
 3.15372E+03	 1.14591E+01
 3.15570E+03	 1.15992E+01
 3.15768E+03	 1.17689E+01
 3.15965E+03	 1.19964E+01
 3.16163E+03	 1.22133E+01
 3.16360E+03	 1.24104E+01
 3.16558E+03	 1.26527E+01
 3.16755E+03	 1.27561E+01
 3.16953E+03	 1.30382E+01
 3.17150E+03	 1.31909E+01
 3.17347E+03	 1.35840E+01
 3.17544E+03	 1.36537E+01
 3.17741E+03	 1.37811E+01
 3.17938E+03	 1.38765E+01
 3.18135E+03	 1.41673E+01
 3.18332E+03	 1.43146E+01
 3.18529E+03	 1.43847E+01
 3.18726E+03	 1.47230E+01
 3.18923E+03	 1.48268E+01
 3.19120E+03	 1.50647E+01
 3.19316E+03	 1.51417E+01
 3.19513E+03	 1.54361E+01
 3.19710E+03	 1.55221E+01
 3.19906E+03	 1.58007E+01
 3.20103E+03	 1.59713E+01
 3.20299E+03	 1.61573E+01
 3.20495E+03	 1.62537E+01
 3.20692E+03	 1.63554E+01
 3.20888E+03	 1.64082E+01
 3.21084E+03	 1.66430E+01
 3.21280E+03	 1.67519E+01
 3.21477E+03	 1.69553E+01
 3.21673E+03	 1.71534E+01
 3.21869E+03	 1.72320E+01
 3.22065E+03	 1.73618E+01
 3.22260E+03	 1.75932E+01
 3.22456E+03	 1.76417E+01
 3.22652E+03	 1.78117E+01
 3.22848E+03	 1.79713E+01
 3.23044E+03	 1.81336E+01
 3.23239E+03	 1.80637E+01
 3.23435E+03	 1.82153E+01
 3.23630E+03	 1.82901E+01
 3.23826E+03	 1.84032E+01
 3.24021E+03	 1.86165E+01
 3.24217E+03	 1.87243E+01
 3.24412E+03	 1.88488E+01
 3.24607E+03	 1.88353E+01
 3.24802E+03	 1.89668E+01
 3.24998E+03	 1.89237E+01
 3.25193E+03	 1.91095E+01
 3.25388E+03	 1.90940E+01
 3.25583E+03	 1.92176E+01
 3.25778E+03	 1.92814E+01
 3.25973E+03	 1.92361E+01
 3.26168E+03	 1.93059E+01
 3.26362E+03	 1.93548E+01
 3.26557E+03	 1.94031E+01
 3.26752E+03	 1.93698E+01
 3.26946E+03	 1.95150E+01
 3.27141E+03	 1.94572E+01
 3.27336E+03	 1.95135E+01
 3.27530E+03	 1.94986E+01
 3.27725E+03	 1.96101E+01
 3.27919E+03	 1.94772E+01
 3.28113E+03	 1.97835E+01
 3.28308E+03	 1.97073E+01
 3.28502E+03	 1.96876E+01
 3.28696E+03	 1.99610E+01
 3.28890E+03	 1.99346E+01
 3.29084E+03	 1.99636E+01
 3.29278E+03	 1.99777E+01
 3.29472E+03	 1.98590E+01
 3.29666E+03	 1.99441E+01
 3.29860E+03	 2.00264E+01
 3.30054E+03	 2.01685E+01
 3.30248E+03	 2.03005E+01
 3.30441E+03	 2.03738E+01
 3.30635E+03	 2.04361E+01
 3.30829E+03	 2.05746E+01
 3.31022E+03	 2.05743E+01
 3.31216E+03	 2.06712E+01
 3.31409E+03	 2.05485E+01
 3.31603E+03	 2.08023E+01
 3.31796E+03	 2.06536E+01
 3.31989E+03	 2.07732E+01
 3.32182E+03	 2.08445E+01
 3.32376E+03	 2.11830E+01
 3.32569E+03	 2.11561E+01
 3.32762E+03	 2.12125E+01
 3.32955E+03	 2.12942E+01
 3.33148E+03	 2.12364E+01
 3.33341E+03	 2.14860E+01
 3.33534E+03	 2.15761E+01
 3.33727E+03	 2.16836E+01
 3.33919E+03	 2.18266E+01
 3.34112E+03	 2.19493E+01
 3.34305E+03	 2.18798E+01
 3.34498E+03	 2.21711E+01
 3.34690E+03	 2.22032E+01
 3.34883E+03	 2.22814E+01
 3.35075E+03	 2.22941E+01
 3.35268E+03	 2.24620E+01
 3.35460E+03	 2.27570E+01
 3.35652E+03	 2.28009E+01
 3.35845E+03	 2.28703E+01
 3.36037E+03	 2.30490E+01
 3.36229E+03	 2.31517E+01
 3.36421E+03	 2.32881E+01
 3.36613E+03	 2.32744E+01
 3.36805E+03	 2.33949E+01
 3.36997E+03	 2.35942E+01
 3.37189E+03	 2.36412E+01
 3.37381E+03	 2.36266E+01
 3.37573E+03	 2.37794E+01
 3.37765E+03	 2.38385E+01
 3.37956E+03	 2.39165E+01
 3.38148E+03	 2.40778E+01
 3.38340E+03	 2.40660E+01
 3.38531E+03	 2.42095E+01
 3.38723E+03	 2.43998E+01
 3.38914E+03	 2.43402E+01
 3.39106E+03	 2.44396E+01
 3.39297E+03	 2.45506E+01
 3.39488E+03	 2.45857E+01
 3.39680E+03	 2.46602E+01
 3.39871E+03	 2.47152E+01
 3.40062E+03	 2.49550E+01
 3.40253E+03	 2.48938E+01
 3.40444E+03	 2.50159E+01
 3.40635E+03	 2.50066E+01
 3.40826E+03	 2.51270E+01
 3.41017E+03	 2.50851E+01
 3.41208E+03	 2.51377E+01
 3.41399E+03	 2.52897E+01
 3.41590E+03	 2.51038E+01
 3.41780E+03	 2.53547E+01
 3.41971E+03	 2.51083E+01
 3.42162E+03	 2.49932E+01
 3.42352E+03	 2.50359E+01
 3.42543E+03	 2.52219E+01
 3.42733E+03	 2.51191E+01
 3.42924E+03	 2.50960E+01
 3.43114E+03	 2.51375E+01
 3.43304E+03	 2.51155E+01
 3.43495E+03	 2.50885E+01
 3.43685E+03	 2.49327E+01
 3.43875E+03	 2.49138E+01
 3.44065E+03	 2.48166E+01
 3.44255E+03	 2.47451E+01
 3.44445E+03	 2.45256E+01
 3.44635E+03	 2.45981E+01
 3.44825E+03	 2.45388E+01
 3.45015E+03	 2.45826E+01
 3.45205E+03	 2.47009E+01
 3.45395E+03	 2.43983E+01
 3.45584E+03	 2.42953E+01
 3.45774E+03	 2.41432E+01
 3.45964E+03	 2.40707E+01
 3.46153E+03	 2.39439E+01
 3.46343E+03	 2.37694E+01
 3.46532E+03	 2.35867E+01
 3.46722E+03	 2.33484E+01
 3.46911E+03	 2.31607E+01
 3.47101E+03	 2.31677E+01
 3.47290E+03	 2.28324E+01
 3.47479E+03	 2.26895E+01
 3.47668E+03	 2.26352E+01
 3.47857E+03	 2.25762E+01
 3.48046E+03	 2.23046E+01
 3.48235E+03	 2.19845E+01
 3.48424E+03	 2.18966E+01
 3.48613E+03	 2.15584E+01
 3.48802E+03	 2.13634E+01
 3.48991E+03	 2.12757E+01
 3.49180E+03	 2.10882E+01
 3.49369E+03	 2.07417E+01
 3.49557E+03	 2.07586E+01
 3.49746E+03	 2.05717E+01
 3.49935E+03	 2.02270E+01
 3.50123E+03	 2.00669E+01
 3.50312E+03	 1.96991E+01
 3.50500E+03	 1.97080E+01
 3.50689E+03	 1.94171E+01
 3.50877E+03	 1.91743E+01
 3.51065E+03	 1.88420E+01
 3.51253E+03	 1.88089E+01
 3.51442E+03	 1.82947E+01
 3.51630E+03	 1.81962E+01
 3.51818E+03	 1.80640E+01
 3.52006E+03	 1.78860E+01
 3.52194E+03	 1.74908E+01
 3.52382E+03	 1.73347E+01
 3.52570E+03	 1.72279E+01
 3.52758E+03	 1.69577E+01
 3.52945E+03	 1.67058E+01
 3.53133E+03	 1.64362E+01
 3.53321E+03	 1.63359E+01
 3.53509E+03	 1.61339E+01
 3.53696E+03	 1.60126E+01
 3.53884E+03	 1.57148E+01
 3.54071E+03	 1.54734E+01
 3.54259E+03	 1.51953E+01
 3.54446E+03	 1.50312E+01
 3.54634E+03	 1.49236E+01
 3.54821E+03	 1.47776E+01
 3.55008E+03	 1.45531E+01
 3.55195E+03	 1.43273E+01
 3.55383E+03	 1.41828E+01
 3.55570E+03	 1.39505E+01
 3.55757E+03	 1.36936E+01
 3.55944E+03	 1.35745E+01
 3.56131E+03	 1.34755E+01
 3.56318E+03	 1.32468E+01
 3.56505E+03	 1.29813E+01
 3.56692E+03	 1.28651E+01
 3.56878E+03	 1.25468E+01
 3.57065E+03	 1.24328E+01
 3.57252E+03	 1.21707E+01
 3.57438E+03	 1.20234E+01
 3.57625E+03	 1.18268E+01
 3.57812E+03	 1.16499E+01
 3.57998E+03	 1.14224E+01
 3.58185E+03	 1.13675E+01
 3.58371E+03	 1.10703E+01
 3.58557E+03	 1.09026E+01
 3.58744E+03	 1.07898E+01
 3.58930E+03	 1.06686E+01
 3.59116E+03	 1.04765E+01
 3.59302E+03	 1.02540E+01
 3.59489E+03	 1.01126E+01
 3.59675E+03	 1.00997E+01
 3.59861E+03	 9.84950E+00
 3.60047E+03	 9.72968E+00
 3.60233E+03	 9.64602E+00
 3.60418E+03	 9.42658E+00
 3.60604E+03	 9.17168E+00
 3.60790E+03	 9.13313E+00
 3.60976E+03	 9.00077E+00
 3.61162E+03	 8.79401E+00
 3.61347E+03	 8.58266E+00
 3.61533E+03	 8.45163E+00
 3.61718E+03	 8.16560E+00
 3.61904E+03	 8.17865E+00
 3.62089E+03	 8.00841E+00
 3.62275E+03	 7.85023E+00
 3.62460E+03	 7.68585E+00
 3.62645E+03	 7.53929E+00
 3.62831E+03	 7.38228E+00
 3.63016E+03	 7.27552E+00
 3.63201E+03	 7.16646E+00
 3.63386E+03	 6.96546E+00
 3.63571E+03	 6.76447E+00
 3.63756E+03	 6.57089E+00
 3.63941E+03	 6.44886E+00
 3.64126E+03	 6.22065E+00
 3.64311E+03	 6.11520E+00
 3.64496E+03	 5.88599E+00
 3.64681E+03	 5.74185E+00
 3.64865E+03	 5.59837E+00
 3.65050E+03	 5.50307E+00
 3.65235E+03	 5.20066E+00
 3.65419E+03	 5.05807E+00
 3.65604E+03	 4.99148E+00
 3.65788E+03	 4.73337E+00
 3.65973E+03	 4.54693E+00
 3.66157E+03	 4.38554E+00
 3.66342E+03	 4.09310E+00
 3.66526E+03	 4.04955E+00
 3.66710E+03	 3.79167E+00
 3.66895E+03	 3.61640E+00
 3.67079E+03	 3.47659E+00
 3.67263E+03	 3.24051E+00
 3.67447E+03	 3.14913E+00
 3.67631E+03	 2.94254E+00
 3.67815E+03	 2.80370E+00
 3.67999E+03	 2.66618E+00
 3.68183E+03	 2.44899E+00
 3.68367E+03	 2.32061E+00
 3.68551E+03	 2.13567E+00
 3.68734E+03	 2.05449E+00
 3.68918E+03	 2.01611E+00
 3.69102E+03	 1.79788E+00
 3.69285E+03	 1.79847E+00
 3.69469E+03	 1.68937E+00
 3.69652E+03	 1.57768E+00
 3.69836E+03	 1.40757E+00
 3.70019E+03	 1.33514E+00
 3.70203E+03	 1.29299E+00
 3.70386E+03	 1.20960E+00
 3.70569E+03	 1.14809E+00
 3.70753E+03	 1.03088E+00
 3.70936E+03	 9.75799E-01
 3.71119E+03	 9.05276E-01
 3.71302E+03	 8.56121E-01
 3.71485E+03	 7.45540E-01
 3.71668E+03	 6.67460E-01
 3.71851E+03	 7.69230E-01
 3.72034E+03	 6.45356E-01
 3.72217E+03	 5.80715E-01
 3.72400E+03	 4.55685E-01
 3.72583E+03	 4.50651E-01
 3.72765E+03	 4.53511E-01
 3.72948E+03	 4.16568E-01
 3.73131E+03	 4.02358E-01
 3.73313E+03	 4.12252E-01
 3.73496E+03	 3.43057E-01
 3.73678E+03	 2.67311E-01
 3.73861E+03	 3.28969E-01
 3.74043E+03	 2.67985E-01
 3.74226E+03	 2.19197E-01
 3.74408E+03	 2.02237E-01
 3.74590E+03	 2.08202E-01
 3.74772E+03	 1.57842E-01
 3.74955E+03	 1.45465E-01
 3.75137E+03	 1.15637E-01
 3.75319E+03	 1.45240E-01
 3.75501E+03	 8.31474E-02
 3.75683E+03	 1.54733E-01
 3.75865E+03	 8.07278E-02
 3.76047E+03	 1.12362E-01
 3.76229E+03	 1.71472E-02
 3.76410E+03	 2.86613E-02
 3.76592E+03	 1.19093E-01
 3.76774E+03	 7.41102E-02
 3.76956E+03	-4.34484E-02
 3.77137E+03	 2.22037E-02
 3.77319E+03	-1.69718E-02
 3.77500E+03	 6.08098E-02
 3.77682E+03	-2.44636E-02
 3.77863E+03	-1.80496E-02
 3.78045E+03	 1.10973E-02
 3.78226E+03	 1.51539E-02
 3.78407E+03	 3.00953E-02
 3.78589E+03	 5.37354E-02
 3.78770E+03	-4.42593E-02
 3.78951E+03	 3.29037E-03
 3.79132E+03	-1.59898E-02
 3.79313E+03	 3.70181E-03
 3.79494E+03	-2.71650E-02
 3.79675E+03	 1.87609E-02
 3.79856E+03	-2.85536E-02
 3.80037E+03	-2.54342E-02
 3.80218E+03	 8.32136E-03
 3.80399E+03	 4.24401E-02
 3.80580E+03	-1.01550E-02
 3.80760E+03	 6.62959E-02
 3.80941E+03	-1.67474E-02
 3.81122E+03	 5.78579E-02
 3.81302E+03	 6.94004E-02
